ITO index from index info
251.56916	5.03543	2.67773
253.16033	5.1122	2.65673
254.75009	5.19127	2.62819
256.34023	5.27152	2.59151
257.93036	5.35165	2.54632
259.52013	5.43031	2.4925
261.12051	5.5061	2.43019
262.71083	5.57767	2.35982
264.29966	5.64378	2.28206
265.88896	5.70334	2.19784
267.48078	5.75551	2.10824
269.07004	5.79966	2.01448
270.67097	5.83543	1.91781
272.25891	5.8627	1.81949
273.85059	5.88159	1.72072
275.44074	5.89241	1.6226
277.02899	5.89562	1.5261
278.62012	5.89182	1.43202
280.21915	5.88165	1.34104
281.81015	5.86582	1.25365
283.40057	5.84503	1.17024
284.99007	5.81998	1.09105
286.58107	5.79132	1.0162
288.17885	5.75967	0.94574
289.76934	5.7256	0.87965
291.36049	5.6896	0.81782
292.94917	5.65214	0.76013
294.5408	5.61359	0.70641
296.14104	5.57432	0.65647
297.72919	5.5346	0.61012
299.31953	5.49469	0.56716
300.91004	5.4548	0.52736
302.50014	5.4151	0.49054
304.08986	5.37574	0.45649
305.69014	5.33683	0.42502
307.27995	5.29848	0.39596
308.87015	5.26076	0.36913
310.45986	5.22373	0.34437
312.0501	5.18743	0.32153
313.65015	5.15189	0.30047
315.23984	5.11715	0.28106
316.82999	5.08322	0.26318
318.42003	5.0501	0.24672
320.01005	5.0178	0.23157
321.61017	4.98632	0.21764
323.19989	4.95565	0.20484
324.78991	4.9258	0.19309
326.38003	4.89674	0.18231
327.97	4.86848	0.17244
329.57011	4.84099	0.16341
331.15993	4.81426	0.15517
332.75002	4.7883	0.14765
334.34016	4.76307	0.14082
335.93014	4.73858	0.13461
337.52012	4.71481	0.12901
339.11985	4.69177	0.12395
340.71003	4.66944	0.11941
342.29995	4.64783	0.11535
343.89018	4.62698	0.11175
345.48013	4.60698	0.10851
347.08003	4.58775	0.10539
348.67008	4.56915	0.10238
350.26002	4.5511	0.09948
351.85009	4.53356	0.09667
353.44007	4.51649	0.09396
355.03985	4.49986	0.09134
356.63001	4.48363	0.08881
358.21992	4.46779	0.08637
359.80981	4.45231	0.084
361.39995	4.43718	0.08172
362.99013	4.42236	0.07951
364.58993	4.40786	0.07738
366.18019	4.39365	0.07531
367.76995	4.37972	0.07331
369.35992	4.36606	0.07138
370.94993	4.35266	0.06951
372.53979	4.3395	0.06771
374.14008	4.32658	0.06596
375.73015	4.31388	0.06427
377.32003	4.3014	0.06263
378.91	4.28914	0.06104
380.49991	4.27707	0.05951
382.09981	4.26519	0.05802
383.69015	4.25351	0.05659
385.2799	4.242	0.05519
386.86991	4.23066	0.05385
388.46001	4.2195	0.05254
390.05004	4.2085	0.05127
391.63983	4.19765	0.05005
393.24006	4.18695	0.04886
394.83002	4.1764	0.04771
396.41978	4.166	0.04659
398.01024	4.15573	0.04551
399.6002	4.14559	0.04447
401.19003	4.13558	0.04345
402.78985	4.1257	0.04247
404.38012	4.11593	0.04151
405.9698	4.10629	0.04059
407.55984	4.09675	0.03969
409.1501	4.08733	0.03882
410.73987	4.07802	0.03797
412.33013	4.06881	0.03716
413.9299	4.0597	0.03636
415.52025	4.05069	0.03559
417.11009	4.04177	0.03484
418.69987	4.03295	0.03412
420.29003	4.02421	0.03341
421.87984	4.01556	0.03273
423.46977	4.007	0.03207
425.06027	3.99852	0.03142
426.65001	3.99012	0.0308
428.24986	3.9818	0.03019
429.84017	3.97356	0.0296
431.42993	3.96539	0.02903
433.02022	3.95729	0.02847
434.60969	3.94926	0.02794
436.20007	3.9413	0.02741
437.78999	3.9334	0.0269
439.37995	3.92557	0.02641
440.96983	3.91781	0.02593
442.56995	3.9101	0.02546
444.16001	3.90245	0.02501
445.75026	3.89487	0.02457
447.33993	3.88733	0.02415
448.93022	3.87986	0.02373
450.51967	3.87243	0.02333
452.11019	3.86506	0.02294
453.70031	3.85774	0.02256
455.28989	3.85047	0.02219
456.88021	3.84325	0.02183
458.46976	3.83607	0.02148
460.05982	3.82894	0.02114
461.65028	3.82186	0.02081
463.24032	3.81482	0.02049
464.83991	3.80782	0.02018
466.43027	3.80086	0.01988
468.01985	3.79394	0.01959
469.61001	3.78706	0.0193
471.19991	3.78022	0.01903
472.79016	3.77342	0.01876
474.37992	3.76665	0.0185
475.96984	3.75992	0.01824
477.55979	3.75322	0.018
479.14968	3.74656	0.01776
480.74018	3.73993	0.01752
482.32962	3.73333	0.0173
483.92024	3.72677	0.01708
485.51037	3.72023	0.01687
487.09991	3.71372	0.01666
488.69033	3.70724	0.01646
490.27994	3.70079	0.01626
491.87025	3.69437	0.01607
493.46035	3.68797	0.01589
495.05013	3.6816	0.01571
496.64032	3.67526	0.01554
498.22999	3.66894	0.01537
499.81987	3.66264	0.01521
501.40987	3.65637	0.01505
502.99988	3.65011	0.01489
504.58983	3.64389	0.01475
506.1796	3.63768	0.0146
507.76995	3.63149	0.01446
509.35995	3.62533	0.01433
510.93991	3.61918	0.01419
512.5297	3.61306	0.01407
514.11971	3.60695	0.01394
515.70986	3.60086	0.01382
517.30006	3.59479	0.01371
518.89022	3.58873	0.01359
520.48025	3.5827	0.01349
522.07004	3.57668	0.01338
523.66044	3.57067	0.01328
525.25043	3.56468	0.01318
526.83991	3.55871	0.01309
528.42974	3.55275	0.013
530.01982	3.5468	0.01291
531.59969	3.54087	0.01282
533.18997	3.53495	0.01274
534.78025	3.52905	0.01266
536.37044	3.52316	0.01258
537.96047	3.51728	0.01251
539.55024	3.51141	0.01244
541.13967	3.50555	0.01237
542.72964	3.4997	0.0123
544.31021	3.49387	0.01224
545.90002	3.48805	0.01218
547.49013	3.48223	0.01212
549.08049	3.47643	0.01206
550.67	3.47063	0.01201
552.25958	3.46485	0.01196
553.83995	3.45907	0.01191
555.43042	3.4533	0.01186
557.0197	3.44754	0.01182
558.60977	3.44179	0.01178
560.19953	3.43604	0.01174
561.78046	3.43031	0.0117
563.37034	3.42458	0.01166
564.95967	3.41885	0.01163
566.55049	3.41314	0.0116
568.13953	3.40743	0.01156
569.72018	3.40172	0.01154
571.30966	3.39603	0.01151
572.90036	3.39033	0.01148
574.49004	3.38465	0.01146
576.06975	3.37897	0.01144
577.66039	3.37329	0.01142
579.24977	3.36762	0.0114
580.84005	3.36195	0.01138
582.41984	3.35628	0.01137
584.01052	3.35063	0.01135
585.59963	3.34497	0.01134
587.18015	3.33932	0.01133
588.77038	3.33367	0.01132
590.35995	3.32802	0.01132
591.94995	3.32238	0.01131
593.52973	3.31674	0.01131
595.12032	3.3111	0.0113
596.70997	3.30547	0.0113
598.29022	3.29984	0.0113
599.88006	3.29421	0.0113
601.46992	3.28858	0.0113
603.05004	3.28295	0.01131
604.6397	3.27733	0.01131
606.23041	3.2717	0.01132
607.8098	3.26608	0.01132
609.39991	3.26046	0.01133
610.97969	3.25484	0.01134
612.57018	3.24922	0.01135
614.16017	3.2436	0.01136
615.73946	3.23798	0.01138
617.32943	3.23236	0.01139
618.90975	3.22674	0.0114
620.49947	3.22113	0.01142
622.08963	3.21551	0.01144
623.6698	3.20989	0.01146
625.26062	3.20427	0.01148
626.83992	3.19865	0.0115
628.42985	3.19303	0.01152
630.01065	3.18741	0.01154
631.59943	3.18179	0.01156
633.18019	3.17616	0.01159
634.77023	3.17054	0.01161
636.34936	3.16491	0.01164
637.94045	3.15929	0.01167
639.52041	3.15366	0.01169
641.10958	3.14803	0.01172
642.69014	3.1424	0.01175
644.2799	3.13676	0.01178
645.85945	3.13113	0.01182
647.44957	3.12549	0.01185
649.03067	3.11985	0.01188
650.61951	3.11421	0.01192
652.20054	3.10857	0.01195
653.7907	3.10292	0.01199
655.37001	3.09727	0.01202
656.95985	3.09162	0.01206
658.54006	3.08596	0.0121
660.12062	3.0803	0.01214
661.71024	3.07464	0.01218
663.28993	3.06898	0.01222
664.88013	3.06331	0.01226
666.4602	3.05764	0.0123
668.04035	3.05197	0.01235
669.6295	3.04629	0.01239
671.2097	3.04061	0.01243
672.78983	3.03493	0.01248
674.38045	3.02924	0.01253
675.96032	3.02355	0.01257
677.53995	3.01785	0.01262
679.13006	3.01215	0.01267
680.71065	3.00645	0.01272
682.2893	3.00074	0.01277
683.87996	2.99503	0.01282
685.45925	2.98931	0.01287
687.03956	2.98359	0.01292
688.61925	2.97787	0.01297
690.20941	2.97214	0.01302
691.78937	2.96641	0.01308
693.37016	2.96067	0.01313
694.95014	2.95492	0.01319
696.54058	2.94918	0.01324
698.12043	2.94342	0.0133
699.69929	2.93767	0.01336
701.28039	2.93191	0.01341
702.8703	2.92614	0.01347
704.44923	2.92037	0.01353
706.03028	2.91459	0.01359
707.61009	2.90881	0.01365
709.19027	2.90302	0.01371
710.77079	2.89723	0.01377
712.36006	2.89143	0.01383
713.93945	2.88563	0.0139
715.52074	2.87982	0.01396
717.10047	2.874	0.01402
718.6803	2.86818	0.01409
720.26019	2.86236	0.01415
721.84008	2.85653	0.01422
723.41994	2.85069	0.01428
724.99972	2.84485	0.01435
726.58993	2.839	0.01442
728.16945	2.83314	0.01449
729.75052	2.82728	0.01455
731.32955	2.82142	0.01462
732.91005	2.81555	0.01469
734.4902	2.80967	0.01476
736.06995	2.80378	0.01483
737.64925	2.79789	0.0149
739.22987	2.792	0.01498
740.80996	2.78609	0.01505
742.38947	2.78018	0.01512
743.97019	2.77427	0.01519
745.55023	2.76835	0.01527
747.12955	2.76242	0.01534
748.70997	2.75648	0.01542
750.28958	2.75054	0.01549
751.86078	2.74459	0.01557
753.44047	2.73864	0.01565
755.01921	2.73268	0.01572
756.60076	2.72671	0.0158
758.17936	2.72074	0.01588
759.76071	2.71476	0.01596
761.34093	2.70877	0.01604
762.91998	2.70277	0.01612
764.49974	2.69677	0.0162
766.0704	2.69076	0.01628
767.64949	2.68475	0.01636
769.22918	2.67873	0.01644
770.80944	2.6727	0.01653
772.39024	2.66666	0.01661
773.95955	2.66062	0.01669
775.53926	2.65457	0.01678
777.1194	2.64851	0.01686
778.69991	2.64244	0.01695
780.28078	2.63637	0.01703
781.84972	2.63029	0.01712
783.42909	2.62421	0.0172
785.01073	2.61811	0.01729
786.59052	2.61201	0.01738
788.1601	2.6059	0.01747
789.74012	2.59979	0.01755
791.32022	2.59367	0.01764
792.88988	2.58754	0.01773
794.46999	2.5814	0.01782
796.05007	2.57525	0.01791
797.61947	2.5691	0.018
799.19934	2.56294	0.0181
800.7705	2.55677	0.01819
802.34999	2.5506	0.01828
803.92926	2.54441	0.01837
805.49962	2.53822	0.01847
807.08046	2.53202	0.01856
808.65007	2.52582	0.01866
810.23018	2.5196	0.01875
811.80988	2.51338	0.01885
813.3803	2.50715	0.01894
814.95903	2.50092	0.01904
816.53055	2.49467	0.01914
818.11038	2.48842	0.01923
819.68064	2.48216	0.01933
821.2592	2.47589	0.01943
822.83029	2.46961	0.01953
824.40968	2.46333	0.01963
825.97921	2.45704	0.01973
827.55016	2.45074	0.01983
829.12939	2.44443	0.01993
830.70084	2.43811	0.02003
832.28058	2.43179	0.02013
833.8501	2.42546	0.02024
835.4302	2.41912	0.02034
836.99995	2.41277	0.02044
838.57092	2.40641	0.02054
840.15015	2.40005	0.02065
841.72116	2.39368	0.02075
843.29094	2.3873	0.02086
844.86896	2.38091	0.02096
846.44096	2.37451	0.02107
848.00922	2.3681	0.02118
849.59052	2.36169	0.02128
851.16082	2.35527	0.02139
852.72965	2.34884	0.0215
854.29941	2.3424	0.02161
855.87985	2.33595	0.02172
857.44898	2.3295	0.02183
859.01895	2.32304	0.02194
860.58973	2.31657	0.02205
862.15884	2.31009	0.02216
863.74114	2.3036	0.02227
865.30928	2.2971	0.02238
866.88062	2.2906	0.02249
868.45013	2.28408	0.02261
870.02028	2.27756	0.02272
871.59105	2.27103	0.02283
873.15988	2.26449	0.02295
874.73946	2.25794	0.02306
876.30941	2.25139	0.02318
877.87985	2.24483	0.02329
879.45078	2.23825	0.02341
881.01957	2.23167	0.02353
882.58877	2.22508	0.02364
884.16096	2.21848	0.02376
885.73092	2.21188	0.02388
887.3012	2.20526	0.024
888.86916	2.19864	0.02412
890.44003	2.192	0.02424
892.01115	2.18536	0.02436
893.57983	2.17871	0.02448
895.14869	2.17206	0.0246
896.72039	2.16539	0.02472
898.28955	2.15871	0.02484
899.8588	2.15203	0.02497
901.41999	2.14533	0.02509
902.98933	2.13863	0.02521
904.55869	2.13192	0.02534
906.13077	2.1252	0.02546
907.70008	2.11848	0.02558
909.26931	2.11174	0.02571
910.83015	2.10499	0.02584
912.39913	2.09824	0.02596
913.97074	2.09148	0.02609
915.53939	2.08471	0.02622
917.11063	2.07792	0.02634
918.67037	2.07114	0.02647
920.24108	2.06434	0.0266
921.80867	2.05753	0.02673
923.37876	2.05072	0.02686
924.93994	2.04389	0.02699
926.50927	2.03706	0.02712
928.08107	2.03022	0.02725
929.6409	2.02336	0.02738
931.20889	2.0165	0.02751
932.77927	2.00964	0.02765
934.34039	2.00276	0.02778
935.90967	1.99587	0.02791
937.46958	1.98898	0.02805
939.04057	1.98207	0.02818
940.61094	1.97516	0.02832
942.1688	1.96824	0.02845
943.74074	1.96131	0.02859
945.30005	1.95437	0.02872
946.8705	1.94742	0.02886
948.43118	1.94046	0.029
950.00003	1.93349	0.02913
951.55896	1.92652	0.02927
953.12909	1.91953	0.02941
954.6892	1.91254	0.02955
956.25138	1.90554	0.02969
957.81868	1.89853	0.02983
959.37885	1.8915	0.02997
960.95026	1.88448	0.03011
962.51138	1.87744	0.03025
964.07138	1.87039	0.0304
965.63956	1.86333	0.03054
967.20037	1.85627	0.03068
968.75996	1.84919	0.03083
970.33088	1.84211	0.03097
971.89114	1.83502	0.03111
973.45011	1.82791	0.03126
975.02043	1.8208	0.0314
976.57992	1.81368	0.03155
978.14122	1.80656	0.0317
979.70111	1.79942	0.03184
981.25956	1.79227	0.03199
982.82942	1.78511	0.03214
984.39138	1.77795	0.03229
985.94859	1.77078	0.03244
987.51073	1.76359	0.03259
989.07131	1.7564	0.03274
990.63027	1.7492	0.03289
992.20073	1.74199	0.03304
993.7597	1.73477	0.03319
995.32028	1.72754	0.03334
996.87913	1.7203	0.03349
998.43955	1.71306	0.03365
1000.00153	1.7058	0.0338